{
    "travel_time": [
        [0, 11, 31, 35, 48, 73, 98, 83, 46, 45, 49],
        [11, 0, 66, 77, 81, 58, 35, 59, 42, 99, 12],
        [31, 66, 0, 17, 41, 16, 64, 18, 23, 54, 11],
        [35, 77, 17, 0, 46, 58, 33, 75, 41, 37, 58],
        [48, 81, 41, 46, 0, 99, 34, 77, 70, 28, 34],
        [73, 58, 16, 58, 99, 0, 35, 23, 63, 81, 55],
        [98, 35, 64, 33, 34, 35, 0, 61, 19, 49, 11],
        [83, 59, 18, 75, 77, 23, 61, 0, 28, 46, 50],
        [46, 42, 23, 41, 70, 63, 19, 28, 0, 55, 26],
        [45, 99, 54, 37, 28, 81, 49, 46, 55, 0, 44],
        [49, 12, 11, 58, 34, 55, 11, 50, 26, 44, 0]
    ],
    "terrain": [
        [0, 1, 0, 1, 1, 0, -1, 0, 0, 1, 1],
        [1, 0, 1, 1, 0, 0, -1, 0, 0, 1, 0],
        [0, 1, 0, -1, 1, 0, 0, -1, 0, 1, -1],
        [1, 1, -1, 0, 1, 1, 0, -1, 0, 1, 0],
        [1, 0, 1, 1, 0, 1, -1, 0, 1, 0, -1],
        [0, 0, 0, 0, 1, 0, 1, 0, 0, 1, 1],
        [-1, -1, 0, 0, -1, 1, 0, 1, 0, 0, 1],
        [0, 0, -1, -1, 0, 0, 1, 0, 1, 0, 1],
        [0, 1, 1, 1, 1, 1, 0, 1, 0, -1, 0],
        [1, 0, -1, 0, 0, 0, 1, 1, 1, 0, 1],
        [1, 0, 1, -1, 1, 1, 0, -1, 0, 1, 0]
    ],
    "num_of_cities": 11
}