{
    "travel_time": [
        [0, 9, 59, 85, 97, 42, 48, 71, 87, 13],
        [9, 0, 17, 11, 45, 9, 66, 11, 15, 11],
        [59, 17, 0, 12, 49, 79, 57, 76, 26, 94],
        [85, 11, 12, 0, 31, 87, 2, 41, 25, 57],
        [97, 45, 49, 31, 0, 57, 43, 58, 61, 25],
        [42, 9, 79, 87, 57, 0, 8, 59, 98, 97],
        [48, 66, 57, 2, 43, 8, 0, 70, 21, 70],
        [71, 11, 76, 41, 58, 59, 70, 0, 76, 98],
        [87, 15, 26, 25, 61, 98, 70, 76, 0, 34],
        [13, 11, 94, 57, 25, 97, 70, 98, 34, 0]
    ],
    "terrain": [
        [0, 1, 1, 0, 0, -1, -1, 1, 0, -1],
        [1, 0, 0, -1, -1, 0, 1, 0, 1, 0],
        [1, 0, 0, -1, 0, 1, 0, 1, -1, 0],
        [0, -1, -1, 0, 0, 0, 1, -1, 1, -1],
        [0, -1, 0, 0, 0, 0, 0, -1, -1, 1],
        [-1, 0, 1, 0, 0, 0, -1, 0, -1, -1],
        [-1, 1, 0, 1, 0, -1, 0, 1, 0, 0],
        [1, 0, 1, 0, -1, 1, 1, 1, 0, 1],
        [0, 1, -1, 1, -1, 0, 0, 0, 1, 1],
        [-1, 0, 0, -1, 1, 1, 0, 1, 1, 0]
    ],
    "num_of_cities": 10
}