{
    "travel_time": [
        [0, 28, 99, 83, 21, 10, 49, 60, 31, 77, 92, 35],
        [28, 0, 68, 14, 79, 81, 35, 43, 88, 51, 47, 78],
        [99, 68, 0, 39, 79, 95, 85, 41, 90, 74, 56, 87],
        [83, 14, 39, 0, 94, 99, 98, 49, 35, 63, 69, 47],
        [21, 79, 79, 94, 0, 79, 31, 81, 98, 16, 61, 100],
        [10, 81, 95, 99, 79, 0, 26, 73, 12, 40, 89, 28],
        [49, 35, 85, 98, 31, 26, 0, 94, 72, 19, 44, 77],
        [60, 43, 41, 49, 81, 73, 94, 0, 58, 48, 92, 51],
        [31, 88, 90, 35, 98, 12, 72, 58, 0, 61, 57, 25],
        [77, 51, 74, 63, 16, 40, 19, 48, 61, 0, 72, 14],
        [92, 47, 56, 69, 61, 89, 44, 92, 57, 72, 0, 73],
        [35, 78, 87, 47, 100, 28, 77, 51, 25, 14, 73, 0]
    ],
    "terrain": [
        [-1, 1, 0, 0, 1, 0, 1, 1, 0, 0, 1, -1],
        [1, 0, -1, 1, 1, 1, 0, -1, 0, 1, 0, 0],
        [0, -1, 0, 1, 1, 0, 1, -1, 0, 1, 0, 1],
        [0, 1, 1, 0, -1, 1, -1, 0, 1, 0, 1, 1],
        [1, 1, 1, -1, 0, 1, 1, -1, 1, 1, 0, 1],
        [0, 1, 0, 1, 1, 0, -1, 1, 1, 0, -1, 0],
        [1, 0, 1, -1, 1, -1, 0, 0, 1, 0, 0, 1],
        [1, -1, -1, 0, -1, 1, 1, 0, -1, 0, 1, 1],
        [0, 0, 0, 1, 0, 1, 1, -1, 1, 1, 1, -1],
        [0, 0, 1, 1, 0, 0, 0, 0, 0, 1, -1, 1],
        [1, 0, 1, 0, 0, -1, 0, 1, 0, 1, 1, 0],
        [-1, 0, 1, 1, 1, 0, 1, 1, -1, 1, 0, 0]
    ],
    "num_of_cities": 12
}